12 11 11 11 11 11 11 11 11 11 11 11 11 11 11 11 11 11 11 11 11 11 11 11 11 11 11 13
14 01 01 01 01 01 01 01 01 01 01 01 01 20 20 01 01 01 01 01 01 01 01 01 01 01 01 14
14 01 18 17 17 19 01 18 17 17 17 19 01 20 20 01 18 17 17 17 19 01 18 17 17 19 01 14
14 02 20 00 00 20 01 20 00 00 00 20 01 20 20 01 20 00 00 00 20 01 20 00 00 20 02 14 
14 01 15 17 17 16 01 15 17 17 17 16 01 15 16 01 15 17 17 17 16 01 15 17 17 16 01 14
14 01 01 01 01 01 01 01 01 01 01 01 01 01 01 01 01 01 01 01 01 01 01 01 01 01 01 14
14 01 18 17 17 19 01 18 19 01 18 17 17 17 17 17 17 19 01 18 19 01 18 17 17 19 01 14
14 01 15 17 17 16 01 20 20 01 15 17 17 19 18 17 17 16 01 20 20 01 15 17 17 16 01 14
14 01 01 01 01 01 01 20 20 01 01 01 01 20 20 01 01 01 01 20 20 01 01 01 01 01 01 14
21 11 11 11 11 13 01 20 15 17 17 19 00 20 20 00 18 17 17 16 20 01 12 11 11 11 11 10
00 00 00 00 00 14 01 20 18 17 17 16 00 15 16 00 15 17 17 19 20 01 14 00 00 00 00 00
00 00 00 00 00 14 01 20 20 00 00 00 00 00 06 00 00 00 00 20 20 01 14 00 00 00 00 00
00 00 00 00 00 14 01 20 20 00 12 11 11 04 04 11 11 13 00 20 20 01 14 00 00 00 00 00
11 11 11 11 11 10 01 15 16 00 14 00 00 00 00 00 00 14 00 15 16 01 21 11 11 11 11 11
00 00 00 00 00 00 01 00 00 00 14 00 06 06 06 00 00 14 00 00 00 01 00 00 00 00 00 00
11 11 11 11 11 13 01 18 19 00 14 00 00 00 00 00 00 14 00 18 19 01 12 11 11 11 11 11
00 00 00 00 00 14 01 20 20 00 21 11 11 11 11 11 11 10 00 20 20 01 14 00 00 00 00 00
00 00 00 00 00 14 01 20 20 00 00 00 00 00 00 00 00 00 00 20 20 01 14 00 00 00 00 00
00 00 00 00 00 14 01 20 20 00 18 17 17 17 17 17 17 19 00 20 20 01 14 00 00 00 00 00
12 11 11 11 11 10 01 15 16 00 15 17 17 19 18 17 17 16 00 15 16 01 21 11 11 11 11 13
14 01 01 01 01 01 01 01 01 01 01 01 01 20 20 01 01 01 01 01 01 01 01 01 01 01 01 14
14 01 18 17 17 19 01 18 17 17 17 19 01 20 20 01 18 17 17 17 19 01 18 17 17 19 01 14
14 02 15 17 19 20 01 15 17 17 17 16 01 15 16 01 15 17 17 17 16 01 20 18 17 16 02 14
14 01 01 01 20 20 01 01 01 01 01 01 01 00 05 01 01 01 01 01 01 01 20 20 01 01 01 14
14 17 19 01 20 20 01 18 19 01 18 17 17 17 17 17 17 19 01 18 19 01 20 20 01 18 17 14
14 17 16 01 15 16 01 20 20 01 15 17 17 19 18 17 17 16 01 20 20 01 15 16 01 15 17 14
14 01 01 01 01 01 01 20 20 01 01 01 01 20 20 01 01 01 01 20 20 01 01 01 01 01 01 14
14 01 18 17 17 17 17 16 15 17 17 19 01 20 20 01 18 17 17 16 15 17 17 17 17 19 01 14
14 01 15 17 17 17 17 17 17 17 17 16 01 15 16 01 15 17 17 17 17 17 17 17 17 16 01 14
14 01 01 01 01 01 01 01 01 01 01 01 01 01 01 01 01 01 01 01 01 01 01 01 01 01 01 14
21 11 11 11 11 11 11 11 11 11 11 11 11 11 11 11 11 11 11 11 11 11 11 11 11 11 11 10
